11	31	2	7	261	79	52	50	157	3	24	46	146	20	13	37	54	17	110	94	10	37	4	32	3	84	31	43	20	53	23	23	18	30	257	24	9	10	31	551	30	9	98	32	52	140	501	140	31	767	209	11	43	135	11	32	11	52	146	328	138	9	142	156	210	7	7	91	294	138	20	178	13	39	542	21	15	23	350	7	13	22	10	262	26	10	22	141	202	30	17	226	138	47	154	21	32	323	20	13
25	9	13	43	95	164	22	20	84	164	52	202	76	9	59	30	3	11	37	53	119	167	79	134	208	164	119	571	212	7	202	77	178	21	167	6	79	20	140	73	9	247	11	7	75	105	13	37	30	31	79	19	28	261	91	205	80	383	20	167	136	54	503	35	54	44	114	332	261	46	20	32	71	247	65	38	84	37	105	43	7	105	84	92	164	61	442	502	56	145	10	25	31	18	148	378	79	37	30	32
97	261	64	38	57	39	21	150	169	38	10	80	28	47	13	91	50	389	261	13	202	45	30	30	26	11	52	37	23	26	91	205	24	411	2	67	7	46	63	9	52	19	50	11	30	52	37	27	27	261	52	38	143	20	32	195	63	37	184	387	43	360	53	21	602	53	360	39	418	46	105	35	621	410	196	72	19	65	53	24	146	298	168	32	10	31	148	37	20	707	418	691	46	53	67	13	13	80	9	9
119	232	15	269	326	11	80	520	168	9	262	80	35	53	10	26	98	12	75	128	135	79	64	10	37	71	37	37	221	128	7	165	13	317	892	375	91	13	35	20	172	202	73	32	13	23	20	32	168	22	84	268	300	165	53	64	16	26	124	61	37	19	47	13	30	91	220	31	73	21	1059	2	438	61	32	71	43	20	350	261	10	75	119	65	91	383	124	20	412	67	39	77	196	411	3	168	7	8	164	79
129	19	37	43	169	32	37	53	156	18	34	169	225	240	225	293	4	398	432	114	30	73	32	32	26	13	109	3	9	621	32	30	209	199	154	91	150	52	186	37	225	26	79	238	15	110	28	212	28	6	203	35	24	383	614	28	13	13	7	164	23	23	37	203	50	119	23	107	13	46	30	30	38	56	20	25	115	293	24	97	649	28	261	247	364	53	26	137	47	384	203	140	279	107	56	48	164	27	55	182
63	184	6	186	17	23	123	132	181	217	146	64	20	261	50	136	31	202	32	446	323	52	575	28	13	140	20	18	28	37	94	39	164	19	52	40	236	20	10	10	225	170	1	241	50	363	26	71	61	38	37	10	140	26	41	35	39	129	215	10	118	3	11	205	53	49	18	7	129	24	153	210	37	22	7	202	226	94	81	160	49	20	8	11	395	21	135	35	91	44	168	32	168	5	181	32	40	9	46	20
378	20	47	3	9	19	44	3	3	138	23	32	20	79	31	975	13	30	52	73	26	56	224	20	23	37	74	31	323	438	205	171	32	64	478	19	27	43	32	124	105	26	178	101	7	43	487	38	43	209	356	32	31	422	9	27	104	32	3	20	209	47	411	37	119	281	393	10	48	84	48	43	119	20	15	9	52	53	79	91	250	77	109	186	52	77	11	188	7	16	37	20	32	48	411	31	13	42	184	147
323	22	13	193	152	307	15	53	40	26	230	20	2	119	117	338	13	28	71	3	32	79	9	42	10	20	54	38	142	9	140	28	46	8	20	80	185	164	61	11	461	22	22	589	17	58	3	23	26	79	20	184	173	261	47	2	669	39	20	32	42	114	1	184	37	7	132	261	37	53	9	119	7	225	32	97	99	22	168	72	35	164	676	10	13	91	43	10	583	60	15	301	278	37	80	11	147	61	30	297
171	171	13	73	210	34	52	168	3	248	43	52	79	395	11	11	88	168	181	363	54	35	13	67	35	119	26	20	415	2	52	186	91	52	255	21	105	323	32	35	8	32	69	21	31	13	26	26	67	79	31	305	119	160	181	40	3	19	37	23	18	573	38	32	30	20	18	62	13	37	37	7	31	13	72	195	494	220	38	9	20	242	20	42	176	138	30	389	125	80	105	155	26	169	59	184	61	25	3	7
8	61	10	37	13	25	46	4	84	30	69	203	260	41	265	149	79	3	276	84	171	50	2	19	61	37	44	26	13	80	61	674	171	453	44	778	184	136	47	10	157	679	92	397	290	37	11	79	686	13	42	32	156	336	676	138	124	77	363	3	32	400	212	217	692	9	900	566	2	73	37	2	598	17	401	26	30	568	13	13	754	30	53	5	9	31	5	720	267	208	30	210	272	53	4	44	30	20	30	9
9	37	540	37	22	30	398	26	102	11	43	88	20	53	31	7	73	13	245	519	438	69	2	18	9	119	3	129	25	302	37	101	19	153	19	40	296	10	79	210	278	60	3	20	142	13	15	13	208	10	317	9	27	261	67	140	47	23	13	22	35	43	73	26	32	80	356	119	9	20	221	97	514	9	35	101	30	35	242	35	8	321	52	79	20	58	47	10	10	60	83	156	2	10	35	32	157	53	53	79
342	3	267	10	52	53	37	144	43	80	132	32	73	32	26	514	48	202	18	6	345	9	9	702	3	30	80	394	37	157	46	20	203	10	39	77	43	38	11	639	970	169	98	43	13	233	49	277	476	3	388	106	58	91	37	3	128	28	37	53	61	605	212	326	38	7	43	7	146	32	9	19	32	91	77	153	54	71	52	80	88	393	2	171	142	88	364	67	101	8	164	22	265	47	13	30	7	555	77	53
30	349	13	73	105	20	411	18	13	26	7	9	3	569	195	169	13	9	43	128	20	692	281	50	266	10	164	12	149	30	49	91	28	11	136	20	4	77	20	47	77	77	67	322	20	18	43	8	124	28	109	329	32	164	61	270	165	102	105	37	10	30	128	554	438	77	149	164	1	198	253	37	42	32	164	140	20	1	91	50	20	71	7	25	307	63	435	3	22	5	20	144	7	318	79	136	9	323	43	38
175	47	24	11	11	13	185	30	47	7	15	10	25	170	13	144	202	284	104	27	79	281	53	24	358	73	172	22	9	91	37	206	53	72	227	38	79	240	38	23	41	53	91	383	30	181	445	40	145	99	30	382	97	157	607	385	7	23	146	10	46	43	94	43	28	79	44	269	129	21	9	47	186	206	44	65	37	380	16	58	8	31	128	3	53	53	28	5	310	202	32	59	13	52	3	8	323	283	73	157
160	9	43	182	20	275	2	294	136	378	230	11	269	9	186	164	20	164	24	157	32	4	191	91	35	520	30	32	378	53	423	281	415	20	241	3	13	411	64	53	26	50	22	181	592	136	31	377	38	31	136	256	168	225	115	22	26	422	84	10	65	55	18	25	202	117	9	103	335	15	37	322	17	26	42	658	181	32	61	75	186	32	181	119	79	136	966	58	26	171	247	9	32	1	39	53	65	73	47	168
37	337	31	281	32	9	142	390	54	43	2	129	168	10	137	84	26	30	37	168	19	272	50	105	47	410	2	481	164	165	79	43	3	211	13	86	91	172	32	196	13	80	3	786	257	57	13	168	21	43	7	26	138	63	48	79	109	181	61	79	452	129	149	22	61	15	83	395	281	419	436	124	11	138	2	11	97	119	1290	38	545	7	9	32	265	38	119	43	16	31	349	79	56	48	10	160	3	26	18	26
27	20	23	383	525	91	191	135	3	49	38	19	52	7	382	31	255	73	27	77	7	138	226	520	43	181	54	40	203	28	150	24	73	132	20	200	94	138	84	80	209	30	314	218	143	71	261	202	165	297	46	168	69	27	32	28	13	52	37	20	294	418	6	107	35	123	255	43	169	94	38	232	10	250	86	164	7	296	43	444	500	32	211	471	132	26	674	77	483	37	11	31	30	53	26	241	63	170	1	302
11	177	250	114	48	63	31	12	307	260	20	79	37	13	544	9	93	2	26	356	20	20	743	307	444	53	37	48	49	97	169	440	2	64	140	37	84	701	35	44	489	52	191	11	84	73	209	38	114	135	84	23	221	280	13	20	21	91	208	18	285	171	37	43	994	61	11	30	3	23	121	79	20	41	383	128	149	49	6	10	3	26	7	30	43	10	419	429	27	265	3	72	350	340	40	181	261	52	284	199
146	10	250	10	43	97	20	32	138	31	37	30	65	164	91	27	40	21	38	10	53	73	794	152	228	181	11	195	609	110	184	3	418	349	419	10	58	11	79	246	34	227	35	4	64	9	191	30	10	110	134	281	247	128	171	27	32	172	42	15	663	7	37	5	46	13	225	9	37	164	71	136	454	13	296	164	126	3	102	296	18	47	13	32	13	43	1192	24	73	7	49	20	406	10	47	35	538	28	5	5
13	98	50	382	13	50	172	107	46	13	669	19	134	281	9	128	43	181	165	1209	324	114	9	22	31	33	48	20	168	186	10	279	37	9	9	106	46	84	11	77	9	26	7	419	129	20	28	205	129	49	43	169	54	136	60	261	13	13	118	186	77	58	78	240	4	11	80	47	171	26	94	3	75	20	37	7	148	208	20	18	92	184	644	44	564	114	50	3	35	38	53	13	35	233	245	13	27	27	501	473
160	20	35	38	27	13	61	61	53	16	19	84	77	384	30	13	9	7	21	11	46	77	110	15	176	164	13	80	181	309	46	43	9	11	13	45	80	168	867	20	43	15	390	165	32	129	171	191	39	26	20	26	13	20	1129	286	91	9	22	23	340	265	15	7	137	35	629	22	79	395	164	31	7	50	19	10	73	46	184	9	199	23	24	140	10	37	26	156	438	157	52	13	57	342	31	61	5	3	225	147
26	37	37	28	91	32	313	53	7	77	13	37	414	1087	355	376	3	52	11	11	167	37	3	13	178	26	20	247	9	46	156	160	53	79	128	53	129	69	15	154	13	23	92	30	128	23	104	131	124	128	23	67	70	69	63	294	53	160	49	105	28	89	74	79	13	72	91	91	557	10	227	219	202	156	24	45	9	18	27	160	20	43	140	1	358	15	157	11	9	59	60	62	91	703	22	3	7	50	30	164
91	1	3	26	192	261	53	50	19	273	173	252	18	35	20	106	233	16	35	260	786	7	13	114	71	202	58	106	411	46	250	31	153	19	172	314	165	114	167	261	155	54	15	26	11	13	26	30	1	255	101	35	280	32	261	61	109	573	11	27	92	19	35	24	98	3	261	261	350	501	245	77	61	47	20	26	444	202	28	4	50	10	762	25	77	356	153	10	20	30	15	192	10	37	107	151	199	20	167	13
203	64	229	74	26	35	328	146	61	330	105	165	26	28	6	10	28	168	21	27	207	3	27	80	43	27	13	297	317	129	10	164	11	26	61	408	37	22	11	9	94	342	48	622	18	39	157	17	35	63	2	43	901	415	80	17	91	202	233	894	138	79	506	35	137	165	23	204	199	37	18	52	8	21	235	161	22	67	199	48	144	52	210	30	340	202	297	8	22	13	65	21	79	43	119	155	37	10	35	32
50	252	113	107	53	23	35	545	9	261	26	202	322	4	3	148	8	94	52	32	226	80	10	20	164	11	25	9	47	9	20	30	156	53	363	46	38	435	2	26	43	37	84	290	47	46	7	48	3	74	16	42	265	53	199	5	16	296	62	372	37	83	40	72	11	123	602	73	46	382	13	140	336	13	13	247	43	154	15	13	167	236	13	23	254	26	204	168	53	79	153	52	279	24	11	43	88	30	67	188
37	768	54	78	72	50	22	47	38	510	184	4	523	37	15	37	412	91	53	23	61	13	121	7	191	8	3	128	247	35	38	140	154	2	4	346	168	109	203	384	37	196	80	122	114	53	427	30	22	53	46	53	319	9	38	77	84	294	20	186	103	686	134	164	43	80	167	91	22	25	3	156	219	3	10	47	227	257	65	67	80	204	53	35	60	20	7	26	47	62	6	13	195	103	7	446	1186	64	119	10
11	26	13	35	11	46	26	171	261	393	65	72	77	31	164	20	37	13	30	270	3	155	488	35	81	37	44	97	99	19	32	3	64	481	2	270	65	91	31	250	168	43	27	37	23	46	176	7	288	328	191	64	136	419	10	182	22	71	119	281	71	18	164	13	10	32	20	8	153	160	11	32	119	13	26	22	20	568	9	25	61	27	30	156	23	38	84	128	71	50	953	52	697	5	16	13	35	13	211	960
470	79	28	94	337	22	419	548	212	129	184	49	132	72	153	80	362	21	92	4	206	644	91	12	21	211	205	107	40	132	141	79	119	101	9	261	22	88	13	16	50	26	122	20	26	35	20	21	363	23	84	35	135	4	84	30	247	566	326	32	72	28	259	172	77	13	108	173	46	42	9	26	305	53	7	19	383	54	22	37	144	26	3	75	41	54	13	9	38	16	35	20	73	22	11	135	11	11	335	270
56	61	344	171	168	56	37	394	97	181	262	13	717	11	3	10	399	79	28	3	30	73	72	196	10	53	11	13	38	37	20	61	21	86	37	30	52	119	22	30	84	200	35	537	310	10	75	445	298	154	9	13	28	125	35	22	32	18	53	42	20	153	32	40	165	140	7	20	138	32	156	36	146	125	40	13	103	35	52	136	1197	10	83	77	31	47	164	137	73	30	208	48	43	184	641	61	56	40	84	269
20	114	38	49	91	21	210	16	119	37	31	10	119	18	52	8	35	406	15	88	15	13	297	57	7	28	210	485	35	9	556	47	74	44	20	32	37	26	114	270	350	13	9	465	199	25	225	142	28	471	124	44	933	383	32	259	91	9	35	5	26	25	129	13	72	38	202	22	92	140	105	3	220	117	53	37	40	25	20	10	155	11	620	202	242	114	11	164	7	119	13	53	73	30	7	52	28	4	18	320
48	19	26	3	10	3	397	156	32	431	26	128	42	88	212	9	109	196	342	119	121	11	79	7	129	30	43	119	41	37	9	3	750	48	286	283	37	135	140	13	13	31	381	38	445	2	138	31	280	7	63	124	34	77	53	7	105	32	13	5	378	3	13	40	75	53	80	22	168	30	10	9	46	60	197	157	41	37	362	2	35	18	3	585	32	277	495	42	281	7	30	13	155	71	71	62	91	296	7	162
7	3	136	91	13	1	37	84	46	38	20	10	30	269	38	135	84	520	101	79	114	13	279	35	37	107	256	53	46	105	261	123	40	10	67	196	7	43	91	384	73	38	58	79	173	124	42	544	46	6	9	37	171	91	114	53	429	11	7	24	43	114	11	15	140	27	37	35	79	47	478	32	3	53	22	30	169	18	56	74	79	128	63	47	26	13	2	30	13	1	10	46	35	153	15	169	46	26	26	46
195	146	22	12	79	104	584	101	30	84	91	37	15	19	172	541	11	25	52	128	46	72	32	35	5	306	304	10	137	30	50	515	140	181	160	35	91	40	61	9	481	271	11	2	46	30	589	302	14	42	43	461	181	32	9	153	349	73	37	91	384	480	81	146	404	160	30	32	388	38	35	35	202	287	408	30	37	32	1015	20	35	326	63	260	28	168	106	3	47	149	71	26	155	9	265	129	349	202	40	261
184	22	2	61	257	30	283	10	52	13	43	137	47	133	79	142	172	164	77	568	64	128	124	39	18	49	20	103	9	22	184	296	35	2	13	30	226	205	25	164	517	199	26	11	133	7	15	19	10	13	137	61	35	17	26	487	39	72	285	61	26	52	24	23	278	171	13	3	203	13	3	349	129	225	61	299	43	30	43	91	136	35	114	26	114	146	53	53	156	344	67	10	138	39	71	31	37	135	5	31
32	284	53	50	7	64	37	103	3	138	330	3	205	272	20	27	52	10	13	156	138	49	32	420	35	184	9	453	37	9	20	390	22	154	31	48	20	119	149	2	79	50	382	22	11	205	13	32	67	18	52	117	144	9	71	573	11	20	164	294	13	31	21	65	73	119	148	37	61	396	26	72	168	32	53	91	34	46	46	240	292	126	80	20	228	43	9	31	46	49	1	9	54	164	535	22	384	261	7	199
395	148	26	261	184	151	30	254	97	297	499	624	196	148	50	119	26	937	307	419	32	53	41	22	186	23	7	103	168	64	30	157	164	202	42	75	9	416	7	53	10	10	382	240	30	43	72	13	37	140	704	204	38	91	37	184	146	128	155	52	20	61	445	282	48	399	43	11	46	470	28	43	19	52	227	72	61	79	345	37	26	168	46	129	50	43	117	228	11	72	11	35	30	20	67	169	10	26	43	8
246	7	40	32	31	79	181	200	160	84	149	8	128	43	222	114	52	252	228	26	48	32	67	69	153	726	241	27	11	310	967	16	54	52	273	9	650	7	181	588	184	245	32	17	157	861	54	261	30	384	164	11	20	10	20	92	689	98	119	7	16	31	160	52	272	261	31	37	7	30	15	10	9	13	11	3	91	6	91	289	3	183	147	202	495	415	16	227	9	26	13	10	46	301	61	26	13	124	84	465
24	252	386	279	28	22	94	5	35	84	202	20	116	13	50	13	164	202	101	98	36	200	305	31	23	11	109	128	48	119	157	144	79	46	358	220	544	37	7	23	8	38	164	534	7	61	142	208	20	276	84	208	31	138	335	46	11	442	42	107	75	11	37	77	26	573	63	431	32	27	7	261	47	43	62	814	26	11	13	91	129	53	247	445	30	261	48	61	32	48	26	9	295	136	79	9	97	38	26	37
10	38	329	77	31	44	22	13	72	16	58	17	142	22	210	20	43	52	520	46	20	128	80	32	30	65	23	43	22	26	5	4	8	73	44	555	46	23	1224	32	109	46	586	35	136	411	11	165	13	88	21	114	418	382	169	398	114	128	10	30	18	44	132	13	1	72	27	6	148	3	46	10	30	54	52	50	62	31	114	35	138	13	129	79	37	52	37	138	39	73	7	79	281	9	13	9	109	142	30	146
290	22	327	138	676	38	186	32	151	414	52	13	30	7	37	154	84	22	228	53	50	11	28	119	118	32	73	10	32	24	43	72	21	38	37	84	28	37	169	86	171	149	72	91	28	15	270	228	242	261	637	10	233	32	529	20	80	119	109	2	59	53	7	148	69	79	27	38	171	38	47	252	77	247	148	36	118	28	355	164	21	209	109	46	32	7	129	43	19	37	428	81	53	210	72	10	9	128	209	91
140	73	61	52	31	310	164	19	35	32	19	393	3	326	61	73	91	38	9	13	28	140	32	53	9	30	63	52	261	383	43	38	422	80	323	261	20	247	200	11	3	26	35	20	13	79	22	20	240	59	11	118	32	11	250	37	494	69	2	47	138	27	80	13	15	49	61	427	91	43	30	79	431	164	209	228	86	30	202	10	28	164	13	35	337	22	72	164	939	72	20	19	28	91	167	7	27	18	202	597
285	52	147	86	10	54	30	20	26	146	16	350	476	23	146	72	26	38	270	15	136	43	146	138	35	39	31	73	7	7	12	165	84	512	35	20	152	184	217	172	200	46	518	30	20	490	129	61	50	15	278	261	53	28	42	54	37	53	50	37	207	41	31	32	26	20	571	31	767	202	305	58	46	13	80	35	31	42	72	135	28	199	662	233	261	24	184	46	13	77	225	503	155	212	169	279	26	13	47	154
181	22	43	53	167	182	126	61	13	373	43	136	50	735	181	191	84	17	866	52	167	37	31	37	211	20	114	30	36	21	171	91	9	13	52	50	89	966	109	84	199	97	5	222	124	153	94	35	88	140	43	30	230	52	261	52	105	3	10	23	16	326	129	31	37	7	79	270	114	13	22	53	48	129	10	25	173	210	323	72	7	195	247	268	426	30	79	50	28	121	92	48	132	10	52	53	294	43	56	21
583	94	13	3	13	73	43	3	184	165	37	31	10	39	35	110	69	305	75	202	10	134	73	49	138	48	225	26	671	20	61	26	410	202	23	77	32	56	72	37	48	18	966	72	53	103	61	9	52	300	86	21	9	79	22	241	30	11	140	61	37	25	52	121	32	43	73	132	37	133	164	23	80	13	64	246	50	439	30	26	84	129	31	168	411	52	129	123	26	15	50	28	54	38	27	0	7	17	199	7
419	169	26	10	69	13	151	11	114	140	46	177	203	23	9	13	186	20	313	20	18	9	30	25	129	568	16	69	42	91	79	44	164	73	94	128	155	35	202	378	30	52	319	119	26	114	495	23	63	362	237	61	138	56	200	3	63	153	47	329	30	84	233	258	141	202	119	71	181	20	20	398	181	26	52	94	61	30	18	136	52	9	54	15	153	138	25	3	260	77	26	47	7	61	21	43	32	71	186	261
37	84	10	42	261	750	7	7	129	49	46	31	23	91	72	156	50	196	164	28	1	9	79	618	44	202	84	16	11	6	355	7	40	18	61	203	30	348	79	32	322	505	459	3	384	7	38	29	569	30	35	82	79	35	91	37	44	38	155	225	30	137	165	61	84	30	15	202	261	13	37	210	84	156	44	7	11	32	184	53	52	109	490	96	56	471	64	20	56	10	156	81	170	91	299	9	3	124	382	40
19	52	644	164	697	609	489	34	445	37	32	32	398	20	720	22	19	29	47	151	9	26	277	519	37	35	11	37	446	31	184	5	4	37	141	19	560	15	13	128	200	192	37	46	236	26	47	230	189	20	24	28	73	128	38	91	356	515	94	49	128	86	28	202	350	165	203	71	147	15	990	30	63	77	91	132	32	75	149	42	28	358	146	20	79	10	7	124	75	65	61	164	31	62	48	11	7	281	53	15
7	184	173	94	595	46	89	37	272	32	306	227	9	22	13	168	601	86	28	393	61	261	313	32	3	186	141	79	328	23	73	478	28	77	181	649	10	128	30	23	157	11	9	184	164	140	184	14	91	13	72	28	172	378	32	128	32	14	12	67	11	79	53	39	20	52	184	32	2	79	344	20	30	691	246	9	44	165	270	184	7	410	30	31	9	281	79	16	114	91	20	37	26	30	12	28	20	54	73	32
35	69	484	322	185	49	28	8	71	5	71	114	151	15	185	26	67	21	72	30	379	40	7	104	107	20	136	71	121	46	35	22	26	10	19	7	181	252	71	164	165	69	254	22	25	11	13	291	91	35	7	169	172	419	353	136	32	61	26	136	49	144	181	9	202	46	47	226	86	13	37	20	20	105	3	133	197	97	240	13	29	26	380	160	228	31	69	74	520	247	63	186	20	326	164	186	79	72	30	52
168	71	138	446	20	73	52	11	74	261	119	35	1	164	164	10	255	32	31	524	80	5	40	2	185	228	30	20	23	9	37	10	355	30	84	80	25	10	202	102	35	9	792	326	5	30	32	351	119	35	35	444	3	176	11	171	31	990	28	71	13	105	153	52	614	456	24	32	437	52	187	88	186	61	13	23	43	298	11	46	32	13	255	9	26	4	559	1233	186	171	203	18	11	79	9	71	53	39	13	11
322	21	22	202	35	64	264	126	121	172	10	164	32	168	35	636	8	395	13	89	61	261	31	121	35	50	22	28	185	20	10	11	22	168	91	26	32	408	124	272	77	32	225	9	44	18	329	20	72	422	142	37	38	160	423	61	64	164	9	148	47	38	104	422	142	11	324	225	181	37	32	48	7	1	30	43	23	184	210	118	61	61	52	164	32	53	444	11	16	50	440	32	30	20	39	573	119	405	18	6
77	43	3	138	255	22	12	26	399	13	11	356	46	3	9	61	31	7	110	91	22	19	389	58	934	73	30	38	10	10	104	461	317	263	520	227	7	37	26	23	91	7	20	35	26	84	105	169	129	20	326	10	39	94	47	23	382	4	11	189	211	225	384	37	395	105	7	32	79	61	54	171	20	6	84	3	469	47	128	71	28	10	202	15	105	38	270	91	43	7	46	144	80	5	8	527	22	73	167	80
9	52	10	217	71	164	37	153	10	204	61	31	53	91	138	240	18	8	221	136	32	25	13	525	30	261	75	16	3	261	53	20	28	16	281	39	71	255	69	292	10	9	138	20	77	94	171	31	2	22	3	390	61	336	444	8	53	260	91	26	280	13	32	71	510	21	720	128	24	79	142	20	30	221	114	295	9	73	62	11	64	13	504	40	37	71	184	330	3	13	247	98	114	362	267	195	146	38	80	37
184	13	13	35	168	22	236	617	10	67	205	9	210	73	23	230	32	32	19	101	37	38	26	38	61	37	26	22	192	40	9	114	25	25	809	46	50	67	46	400	195	395	252	7	15	38	206	209	382	28	91	148	136	34	17	46	119	837	136	32	46	32	54	56	26	16	11	703	31	30	381	219	30	30	20	91	446	13	261	19	72	306	101	23	13	45	155	91	32	227	11	297	37	50	25	13	52	13	3	26
30	31	37	43	91	7	3	38	218	136	91	35	261	32	189	10	67	215	486	202	44	52	30	13	91	645	13	128	451	21	32	114	50	73	142	30	23	205	208	37	31	79	427	63	74	202	84	26	38	164	31	124	10	261	30	411	26	11	9	10	61	37	23	20	35	119	185	38	9	13	119	26	34	10	61	566	53	177	136	52	229	894	512	107	164	294	97	26	32	23	58	13	64	136	39	88	171	50	384	164
153	500	435	20	129	24	146	39	79	61	31	119	362	69	61	26	16	171	97	33	9	305	91	2	20	250	109	165	49	27	16	7	16	674	24	260	36	654	117	48	30	114	7	13	48	164	26	136	32	30	64	10	173	91	32	39	530	639	202	921	11	72	10	212	15	58	211	13	37	230	143	423	50	84	295	157	13	9	71	171	10	35	94	156	71	7	26	31	117	94	177	289	10	13	281	37	61	136	2	348
179	22	164	30	156	74	17	210	9	11	75	10	79	247	61	165	52	15	30	326	128	199	36	13	135	35	349	79	284	31	71	5	168	71	114	21	49	20	720	583	27	23	13	37	61	28	67	138	4	27	168	13	47	43	695	53	165	3	10	16	10	42	119	195	23	181	128	88	80	140	13	26	461	3	20	10	37	9	113	7	4	23	129	56	53	148	530	48	6	11	72	233	38	32	35	119	37	63	237	9
14	384	187	71	290	72	88	72	261	30	22	30	28	168	13	258	79	48	35	199	7	168	45	35	91	657	74	20	156	42	160	13	44	30	38	146	125	11	503	43	13	40	71	298	22	37	515	46	50	13	30	128	63	171	32	991	304	31	10	43	7	47	77	429	11	412	37	71	84	7	32	97	46	337	129	84	397	4	202	1264	32	65	200	80	114	43	18	37	30	80	80	36	34	28	479	37	45	30	23	26
49	67	7	316	81	25	313	30	234	88	26	71	8	13	25	632	248	255	31	20	676	990	400	912	23	48	298	153	32	19	31	32	206	31	46	7	69	11	4	39	67	9	164	22	48	21	13	479	75	25	10	9	69	349	30	38	676	9	11	99	32	77	9	79	43	11	37	9	28	64	449	13	30	16	37	106	16	181	37	696	19	30	191	49	35	30	7	20	11	848	35	37	121	212	11	317	43	52	52	457
49	153	153	13	32	35	125	31	75	58	137	25	260	167	47	276	52	279	30	13	168	26	22	152	45	186	138	15	20	39	181	10	209	315	71	151	70	3	40	26	48	9	322	164	52	49	30	2	123	22	38	136	252	61	350	380	22	581	79	37	914	160	181	37	13	279	302	9	24	105	297	46	26	579	313	73	26	247	202	80	31	13	53	97	50	10	11	61	35	91	136	277	32	26	13	30	37	269	22	49
29	298	26	84	22	30	128	91	7	63	64	35	6	79	77	233	171	20	110	22	167	142	5	91	137	37	31	26	138	43	97	245	261	80	22	63	32	26	15	22	47	22	13	35	72	153	280	419	8	46	12	268	169	105	30	265	23	446	35	298	121	136	306	24	3	225	52	138	46	647	32	9	18	46	335	28	32	13	13	164	47	23	119	313	103	309	21	53	10	7	720	323	8	30	267	96	48	117	35	271
25	11	37	67	73	52	641	165	37	72	84	165	13	61	101	13	47	4	25	207	23	233	13	105	165	519	250	184	164	233	84	49	140	5	52	781	42	70	40	37	11	20	26	80	35	156	199	20	75	28	20	30	285	30	8	13	56	50	3	663	130	30	28	479	5	10	13	30	123	38	67	35	6	3	11	26	482	35	77	135	97	7	31	114	30	164	208	37	47	13	129	285	272	168	1	40	52	22	91	23
72	181	318	28	37	30	205	149	32	80	67	155	17	27	7	35	189	20	26	30	99	26	10	156	41	294	72	16	281	38	136	7	9	348	157	245	11	25	53	254	10	212	26	61	17	13	184	79	61	46	240	157	36	9	10	10	72	31	60	10	73	104	89	276	37	126	9	28	135	32	79	91	3	20	4	136	32	20	20	91	64	528	167	3	79	164	20	24	28	28	171	3	200	136	43	8	129	152	25	22
62	136	47	48	13	72	30	50	16	30	1	91	73	79	94	379	48	184	20	22	31	49	13	10	79	7	30	32	164	117	16	168	296	30	7	31	504	123	53	13	37	19	72	94	50	20	181	138	252	37	265	7	32	171	629	140	20	32	13	9	6	37	26	71	10	13	35	34	20	164	647	105	25	30	69	501	157	30	129	40	32	261	471	147	69	322	382	20	10	72	61	79	5	9	211	13	9	20	28	332
47	184	165	20	10	171	129	157	20	34	520	84	24	20	260	18	73	3	13	36	18	84	50	3	94	80	261	9	10	344	9	37	138	1147	14	32	9	20	20	10	43	17	164	114	217	75	44	760	10	72	37	28	336	202	146	53	71	11	28	22	59	50	72	129	5	52	94	114	62	79	82	136	503	84	84	79	20	42	91	38	223	35	124	15	89	113	9	20	43	15	27	8	390	32	1016	24	181	129	393	89
153	9	30	3	13	7	26	7	281	61	52	10	637	71	72	10	80	317	52	109	30	261	20	40	168	41	52	530	13	9	2	119	20	20	31	13	46	225	7	119	54	186	269	32	414	445	102	35	31	55	9	126	117	121	174	255	348	13	77	168	3	164	323	165	296	344	23	32	37	91	228	61	136	301	15	22	79	38	79	307	358	43	128	63	10	160	230	25	369	1136	16	79	67	186	362	19	26	164	285	3
382	17	40	54	46	7	521	545	80	30	35	155	53	674	345	35	31	94	464	32	321	5	35	138	79	46	324	91	20	24	42	164	31	38	10	323	47	35	4	171	30	58	30	221	236	581	35	79	7	560	114	114	279	9	37	67	348	13	48	394	153	64	888	194	13	9	37	79	9	262	156	172	32	181	43	32	10	211	166	202	4	47	10	13	11	38	9	546	136	164	13	117	105	53	151	140	4	13	164	168
84	30	50	40	10	12	135	40	61	52	35	40	55	88	91	13	3	32	362	132	15	11	44	26	279	10	80	13	23	240	46	22	13	18	342	102	196	566	26	16	61	36	9	13	27	77	240	196	644	73	8	10	69	19	98	7	11	117	238	257	15	69	52	5	69	306	11	37	50	25	80	37	11	282	37	37	38	10	23	26	4	128	50	79	148	30	43	225	197	43	202	84	356	46	17	41	23	10	37	71
581	160	442	10	13	9	25	22	198	290	184	28	149	13	181	435	153	84	67	428	71	136	61	128	168	37	20	26	31	30	40	156	37	11	26	222	289	92	47	255	13	91	6	429	38	479	9	26	80	13	37	317	157	167	7	43	212	31	19	10	32	11	260	136	53	32	431	59	210	22	9	79	32	58	3	260	13	30	24	24	50	11	20	13	37	26	692	20	119	77	393	62	73	46	10	123	13	47	10	137
129	2	164	202	39	121	124	37	22	128	77	289	184	101	261	156	168	121	165	4	119	23	61	20	42	26	11	30	227	20	225	220	169	3	32	157	119	20	55	281	48	399	13	305	13	184	84	9	26	91	11	333	32	13	37	202	40	61	17	37	101	30	25	42	119	13	13	53	35	7	11	26	146	168	0	658	32	261	99	220	202	72	393	98	164	9	2	32	202	342	199	153	84	450	221	2	34	225	149	10
7	61	298	74	23	128	84	202	30	46	19	32	24	349	439	94	43	182	3	35	280	202	145	164	64	157	73	114	71	211	103	123	30	313	114	13	71	79	190	160	28	281	20	58	200	35	276	202	54	184	53	32	156	22	101	64	84	1	84	20	9	13	168	353	13	3	53	16	31	13	342	210	10	32	94	43	809	283	202	309	84	9	37	10	3	91	106	1	41	136	114	75	27	28	31	39	169	32	7	16
118	38	73	3	37	79	119	44	32	3	24	40	445	323	73	155	52	105	13	92	52	49	198	378	43	37	94	7	24	140	164	164	16	153	9	151	17	23	63	3	181	35	69	20	103	438	396	25	206	168	225	72	136	124	136	39	32	4	3	3	4	43	7	26	64	26	8	2	42	3	13	184	31	781	179	235	19	32	4	9	32	22	783	7	30	105	205	129	11	54	63	395	1125	43	52	27	80	10	25	74
97	11	69	20	80	42	72	160	23	261	52	7	54	41	324	109	9	188	200	7	26	52	323	545	41	42	150	340	35	37	19	52	11	43	13	233	8	13	328	13	97	313	37	138	20	7	11	69	105	128	195	138	6	297	37	77	71	164	449	26	281	164	172	37	34	46	19	73	168	63	199	547	35	223	438	38	196	9	50	61	350	295	1	13	9	192	124	52	46	61	345	37	261	35	26	13	122	20	115	337
84	69	44	24	124	26	806	35	1	20	383	177	373	17	165	24	692	151	23	146	26	732	75	21	35	210	110	154	54	46	37	581	185	37	15	106	99	328	34	128	173	13	34	38	669	132	9	432	665	3	75	15	18	350	235	54	214	439	79	77	16	28	30	399	31	61	94	113	43	42	20	21	75	19	37	38	269	114	37	165	326	17	31	20	265	35	432	37	119	313	320	26	759	73	60	7	101	53	7	119
9	61	32	77	72	73	258	28	176	107	397	16	16	142	77	279	181	155	9	40	32	490	24	38	280	32	9	30	26	9	90	391	46	23	79	37	165	30	679	177	170	23	50	232	186	34	184	30	113	18	290	37	399	30	147	65	31	13	30	58	50	674	168	37	439	210	97	11	105	240	91	165	52	20	819	148	22	136	25	137	37	153	157	73	46	10	13	26	10	20	11	44	26	19	54	9	90	52	260	164
47	7	128	164	344	122	3	26	138	77	10	5	4	24	182	153	3	2	20	168	43	138	358	5	74	481	210	32	38	200	32	26	250	267	69	26	38	46	21	28	97	160	28	39	181	41	105	298	444	310	86	17	53	13	7	164	37	80	696	37	225	228	146	146	35	21	47	37	79	91	164	164	73	32	6	88	63	43	296	160	43	138	37	13	30	79	282	79	37	62	53	9	53	184	27	54	349	26	173	119
209	72	146	28	67	119	110	58	528	203	9	79	281	30	62	54	24	49	73	13	128	37	471	7	34	134	21	32	13	73	30	38	492	22	136	138	9	26	64	267	189	22	72	30	21	94	79	160	10	9	37	137	157	128	205	19	30	91	38	32	77	227	7	28	38	50	75	3	30	247	181	26	545	224	10	9	3	442	37	32	8	165	60	63	61	20	436	22	11	7	290	91	32	3	109	24	3	20	411	20
35	2	8	79	13	322	3	136	9	124	13	22	157	342	47	121	84	7	520	91	27	4	30	91	97	9	73	136	160	7	10	52	410	11	20	58	84	37	23	313	247	246	345	117	96	26	32	37	197	24	67	26	30	349	22	30	18	32	262	165	46	123	5	84	13	153	568	169	121	1171	149	91	154	138	481	3	52	233	305	28	210	31	30	13	20	128	22	52	23	422	267	61	26	559	3	261	112	10	31	144
437	22	30	91	61	43	22	23	114	132	32	10	39	11	449	336	11	348	7	897	164	564	22	871	85	119	31	37	37	168	22	13	43	445	54	270	37	10	2	26	10	16	105	281	23	205	61	73	168	164	13	382	30	7	121	168	37	156	397	3	140	18	11	232	30	22	4	22	28	40	500	22	399	134	20	63	94	21	181	13	85	204	307	154	94	32	322	50	37	10	128	7	27	56	202	195	10	253	937	922
176	23	20	47	7	24	278	192	13	21	119	86	52	81	16	7	128	247	46	61	79	164	53	84	255	77	9	22	128	200	9	32	165	91	61	212	142	60	80	63	21	53	23	164	440	115	286	97	129	77	294	23	117	136	383	56	340	21	167	97	165	128	20	219	26	38	52	46	67	13	32	3	10	9	219	119	1062	61	37	156	26	86	119	202	30	37	44	28	7	136	79	28	31	173	9	81	8	80	22	129
114	67	74	26	9	206	279	140	91	32	167	72	13	72	129	37	31	22	38	30	97	145	118	427	10	119	44	37	37	261	61	302	19	296	46	52	88	315	22	30	296	9	2	480	53	20	91	731	50	32	18	91	37	169	46	35	79	75	181	91	261	386	1	114	32	26	886	25	186	164	199	32	46	153	73	46	165	905	31	148	54	32	11	72	22	7	623	10	79	156	26	7	143	10	203	26	261	61	26	105
16	27	37	275	27	53	393	72	149	48	9	26	247	278	279	514	206	37	419	7	7	7	35	23	13	37	26	79	52	53	49	113	18	24	72	294	181	40	37	140	37	35	43	11	77	48	52	18	209	446	80	19	138	11	84	336	247	263	11	26	217	210	138	270	37	31	664	37	13	164	31	11	83	330	119	10	140	39	57	30	38	52	276	92	132	35	20	79	26	279	28	35	172	411	39	13	227	478	7	38
26	40	30	315	349	24	358	17	11	168	32	224	7	26	28	26	250	26	7	74	171	79	67	245	31	46	31	53	54	20	121	23	138	32	128	32	54	82	266	186	5	3	336	104	380	32	30	44	34	157	558	28	20	26	270	25	84	31	46	30	152	227	9	43	122	524	37	10	52	124	26	75	79	72	164	79	212	43	81	30	30	80	7	53	410	294	11	445	52	13	53	71	301	199	64	30	52	261	38	50
156	26	43	30	138	263	11	77	270	7	253	7	22	39	181	128	79	20	164	61	202	326	32	20	257	79	35	35	63	35	13	199	19	205	124	199	23	202	3	204	28	146	128	339	141	3	327	240	219	184	26	9	33	26	80	2	10	22	32	30	101	10	282	26	49	479	149	91	7	52	23	67	72	3	49	53	328	9	261	11	565	46	261	10	39	42	32	53	3	19	9	204	10	30	142	10	25	192	53	167
138	49	30	7	10	378	140	91	43	184	261	15	11	30	27	22	38	61	104	221	108	115	54	20	37	148	181	91	26	52	32	9	7	168	67	302	30	83	37	140	56	26	91	164	18	10	69	136	11	30	342	32	92	13	817	119	344	61	69	11	46	22	3	168	5	39	15	114	20	2	166	164	105	77	11	53	13	2	23	20	11	40	411	69	453	31	966	71	3	10	276	3	38	43	38	7	167	30	276	165
217	22	3	27	32	42	151	97	10	80	22	10	3	30	13	270	89	57	275	53	77	119	10	191	22	106	73	114	27	10	261	13	37	205	48	32	119	7	54	53	73	9	32	22	31	79	2	91	72	118	164	16	548	13	73	39	283	10	461	181	323	28	49	23	52	61	142	30	10	32	3	9	73	28	37	172	32	7	173	41	291	168	3	181	11	124	171	35	38	22	74	37	35	20	32	53	23	28	26	91
50	11	164	30	97	21	160	20	15	462	32	32	326	91	30	164	31	114	20	7	269	40	153	38	146	97	196	27	40	200	419	44	26	261	164	424	464	78	10	212	13	9	41	240	128	227	128	1	164	395	242	37	7	196	164	50	23	478	146	38	5	106	260	95	302	356	32	15	344	123	62	349	32	261	52	418	43	28	7	16	60	17	50	18	168	24	136	84	136	32	114	136	38	124	199	191	56	128	36	464
73	233	788	15	20	21	232	26	37	52	13	278	988	8	104	199	129	3	15	103	32	5	60	41	17	114	79	209	7	27	13	3	305	32	16	3	61	1	297	398	16	21	32	15	61	20	284	50	117	10	13	128	80	153	340	4	273	30	13	501	18	202	7	477	13	79	119	79	250	160	46	225	50	35	3	20	138	178	52	520	43	13	11	168	25	11	281	104	18	13	21	156	35	84	42	225	195	38	83	464
13	61	9	37	61	32	224	92	138	20	186	98	142	13	121	16	30	6	5	99	10	38	294	59	3	35	281	16	13	69	73	247	35	47	30	84	19	202	37	270	37	79	37	23	61	155	67	168	30	64	136	11	160	38	47	13	119	44	19	141	47	7	261	21	79	13	37	174	26	105	11	16	26	3	26	37	397	155	20	167	168	35	53	9	31	80	245	10	52	114	151	138	53	20	261	459	157	128	43	65
181	22	255	164	9	198	153	228	20	168	26	446	419	9	104	75	80	172	48	42	286	2	349	61	97	30	123	34	9	48	23	53	63	518	35	35	3	46	11	20	71	9	20	38	20	73	3	13	114	61	483	6	30	35	138	30	26	46	37	73	23	11	52	15	60	20	11	142	24	164	155	19	20	184	227	20	637	22	18	69	136	20	32	11	233	49	461	52	30	294	411	31	9	7	41	255	22	35	7	79
114	393	397	247	129	24	38	9	24	46	119	42	140	114	7	203	44	966	86	142	26	32	247	32	7	573	38	23	290	281	37	53	168	10	169	46	26	7	261	53	44	113	52	31	240	28	39	31	199	261	153	13	4	269	230	80	52	38	28	35	86	227	60	53	7	52	222	326	132	48	30	97	73	97	22	50	24	52	84	26	36	2	15	132	24	168	38	224	278	834	30	229	11	30	44	75	119	59	171	26
44	164	32	79	202	206	156	7	285	124	788	80	247	53	43	164	41	123	26	127	37	36	18	25	54	349	167	31	1	286	140	4	97	84	225	35	26	37	64	267	37	26	10	27	7	11	191	5	91	26	52	204	106	250	160	61	37	74	26	146	63	16	30	13	43	172	6	128	138	3	13	176	26	52	16	307	56	348	11	32	3	26	73	141	61	69	225	8	136	211	138	205	36	261	202	128	395	73	267	7
232	171	40	323	15	411	72	382	77	22	30	61	61	3	13	185	10	20	35	11	10	89	80	276	32	63	119	40	382	77	19	11	26	100	172	219	184	473	10	16	32	169	11	9	415	13	109	209	49	324	47	28	10	181	41	13	297	415	37	520	61	149	91	9	9	210	9	52	35	111	94	30	644	30	38	133	20	165	537	426	457	31	91	192	156	98	38	97	35	142	62	71	336	2	10	267	19	7	32	8
9	168	54	20	160	212	144	26	26	282	105	61	480	9	26	142	37	442	105	202	261	43	91	715	30	3	12	58	43	186	119	43	140	31	35	313	165	54	382	204	64	172	54	40	61	18	28	184	384	146	42	28	38	118	1	689	2	19	77	38	32	19	13	13	208	164	135	98	70	20	91	45	26	136	7	79	46	24	10	168	138	181	599	326	317	104	164	35	46	20	389	505	138	30	37	247	349	9	151	25
321	17	78	124	84	99	49	32	38	17	13	30	186	255	40	39	20	2	149	23	44	11	11	37	437	54	329	31	26	52	30	10	31	69	0	227	20	221	103	323	80	15	21	4	141	47	281	164	26	7	24	5	1	52	35	46	366	38	212	153	44	104	13	336	77	35	278	558	72	32	28	98	326	61	128	44	53	261	270	183	67	52	44	171	110	72	13	234	37	13	20	37	17	238	43	206	173	24	44	185
37	246	13	202	540	37	79	26	153	7	280	1142	275	31	26	304	125	7	279	20	228	47	79	54	47	91	1190	168	294	7	202	61	431	28	24	13	26	267	26	5	3	30	623	54	72	26	16	261	10	97	10	261	140	644	257	168	61	261	13	126	26	20	43	9	129	164	13	9	6	37	60	17	21	467	233	47	261	13	191	7	56	142	13	324	9	30	391	37	31	393	91	60	383	124	38	193	9	119	11	69
413	167	3	28	2	481	30	24	30	186	446	26	12	307	294	164	97	1	67	11	25	26	137	128	71	155	393	1010	99	164	469	40	79	302	165	37	53	119	71	138	38	63	20	22	205	91	42	10	38	191	47	16	73	30	46	77	71	168	43	26	88	26	64	56	383	212	32	7	205	52	24	91	74	56	199	7	11	54	10	32	31	37	383	12	77	165	37	446	16	202	35	181	138	6	32	247	117	67	37	140
20	2	22	72	52	11	13	210	119	20	339	10	205	9	151	31	192	15	142	157	37	261	165	42	63	20	35	129	3	319	156	22	398	47	46	114	58	136	296	53	9	422	26	136	258	38	168	19	7	35	147	15	242	52	20	7	30	128	155	73	26	37	52	318	47	20	162	382	326	73	26	7	285	108	133	43	31	53	47	295	385	22	142	91	77	105	5	181	77	37	191	186	84	38	72	13	345	227	58	584
267	6	182	11	84	5	40	229	53	164	26	97	114	53	44	26	22	27	91	4	30	13	314	438	9	506	67	53	22	43	28	2	247	119	13	241	32	142	43	330	10	50	171	20	52	156	26	245	32	10	8	26	219	30	9	362	72	230	335	154	202	156	129	23	35	94	203	9	73	153	80	13	19	35	26	53	13	119	46	5	31	6	272	100	32	47	39	64	19	31	11	44	10	350	31	164	202	344	43	46
624	224	54	298	114	3	25	23	26	649	17	52	128	444	47	13	378	29	169	31	13	17	24	169	97	22	23	117	4	31	59	50	31	98	26	24	276	165	20	35	129	9	153	26	435	80	26	30	28	53	10	38	37	13	27	26	74	38	80	11	155	278	80	88	479	145	52	20	261	136	222	28	11	119	18	43	141	481	73	58	167	9	23	225	31	171	124	84	10	32	46	199	420	32	140	164	32	20	281	310
13	115	137	164	4	34	3	202	184	15	64	46	39	129	10	73	22	9	13	73	13	23	15	79	73	26	142	35	119	84	184	32	20	3	13	290	59	31	119	8	97	119	225	52	181	157	7	3	227	13	349	148	114	136	281	53	35	296	8	383	313	61	67	132	46	63	479	265	31	22	20	73	91	209	7	27	63	10	98	77	37	38	64	32	85	59	32	17	19	10	86	63	306	261	31	91	281	113	35	72
13	107	77	67	540	53	9	164	79	77	10	1227	7	140	10	247	32	20	13	106	96	219	35	28	35	15	63	84	42	53	63	90	3	47	91	30	52	38	61	34	37	202	30	645	976	72	69	144	54	37	52	207	230	32	186	23	30	72	449	13	31	32	22	11	202	22	22	676	43	3	53	32	79	18	73	46	390	38	27	657	660	28	32	283	13	395	476	37	168	521	383	20	186	73	32	35	32	227	2	52
61	581	79	20	155	184	77	71	103	23	298	558	23	46	30	20	25	1	444	119	444	20	3	227	24	39	344	38	105	196	202	61	5	53	31	13	740	11	168	43	30	74	192	171	44	13	16	257	200	199	3	10	156	502	136	31	9	20	202	204	286	79	84	35	294	52	37	48	32	179	156	43	269	61	10	212	26	3	342	408	35	110	37	146	104	69	31	32	61	396	142	11	69	97	32	46	142	32	20	77
109	128	52	164	73	65	26	141	37	4	809	28	79	35	13	7	28	43	25	45	495	26	23	69	261	16	235	35	128	77	63	26	128	105	270	8	37	73	2	32	79	128	261	79	140	26	7	324	225	97	67	865	13	411	246	113	330	30	381	203	39	23	144	21	155	260	24	79	176	2	43	265	19	67	22	224	22	128	3	156	212	26	15	61	151	10	94	44	44	138	47	97	1142	114	230	28	97	261	202	91
13	32	9	16	462	225	2	149	7	61	184	61	279	1075	589	156	30	5	37	320	43	10	422	233	340	178	148	80	37	124	77	1	56	140	270	92	142	168	22	9	642	11	185	91	52	28	165	32	16	106	97	21	530	138	165	84	71	17	136	169	37	53	3	64	26	20	20	39	167	30	31	79	167	43	35	128	412	53	10	205	335	501	16	28	164	674	61	17	30	49	322	28	140	13	94	22	53	72	202	171
22	26	136	23	13	28	164	13	48	13	200	53	30	56	37	15	168	84	508	209	307	79	10	79	105	32	73	114	225	410	13	12	497	88	399	21	332	3	7	19	13	11	154	11	11	22	108	207	31	20	49	302	102	13	30	149	97	342	22	209	89	294	69	94	61	260	627	261	240	515	43	28	21	69	20	295	11	10	79	37	326	61	37	37	521	47	52	18	200	280	54	167	7	1231	23	25	37	323	37	35
383	344	20	173	186	52	30	136	105	60	326	32	30	8	22	2	449	26	15	173	52	28	43	167	441	9	26	53	91	52	71	105	429	58	46	9	9	33	322	47	124	10	91	104	153	26	43	11	259	149	165	41	32	37	25	119	301	283	84	52	35	444	21	44	382	22	45	791	6	105	11	28	23	0	32	168	313	119	77	310	35	46	202	157	32	43	2	250	11	30	73	566	711	89	20	26	8	146	26	32
164	15	61	10	26	26	10	272	26	310	80	129	5	97	48	72	13	134	171	75	136	142	212	32	51	7	535	378	37	31	13	75	32	69	175	9	156	9	10	23	31	1	72	64	13	337	186	48	32	22	241	15	38	200	86	232	136	342	165	140	20	21	21	97	38	132	479	48	246	255	27	225	3	479	279	25	657	20	20	26	88	20	32	26	106	72	164	26	544	270	35	35	26	31	50	72	32	43	9	2
198	26	272	232	91	15	28	91	3	31	46	63	50	280	23	146	16	168	69	53	202	30	91	80	37	104	92	9	71	323	20	32	125	11	138	46	141	105	32	56	124	146	199	9	31	54	13	16	63	136	80	378	79	164	69	56	43	19	199	10	226	46	30	353	23	326	11	61	13	200	52	259	72	114	9	26	466	117	77	203	178	35	84	61	13	43	382	176	30	13	94	20	28	13	361	26	181	419	77	91
30	37	22	52	53	210	52	67	26	30	73	46	20	20	7	3	270	61	650	12	349	272	73	11	326	4	490	70	26	53	5	3	28	230	43	61	169	43	48	44	79	16	28	32	20	128	20	23	13	32	70	935	168	64	32	57	202	456	37	518	298	4	105	16	52	128	61	42	441	13	530	84	26	272	20	13	336	48	56	701	23	128	470	84	9	37	52	26	7	830	109	69	282	18	442	16	107	84	209	60
261	19	261	52	75	35	172	267	153	313	968	146	181	3	46	30	720	18	305	18	306	26	32	151	9	13	25	119	26	9	171	31	8	79	4	479	11	24	22	48	53	164	53	168	11	5	91	261	168	37	18	313	11	52	26	37	3	77	128	3	485	400	129	37	7	119	32	168	20	168	251	37	37	0	40	97	86	17	113	46	53	545	61	140	105	38	47	221	165	94	30	27	46	252	1	10	73	73	23	20
52	26	30	281	233	9	323	40	154	60	21	4	72	13	145	20	23	506	41	11	26	322	64	212	67	52	13	164	22	586	53	43	97	25	26	919	62	37	22	60	64	140	616	94	2	61	37	79	105	349	119	75	20	7	80	199	35	13	13	18	157	132	171	32	3	31	61	43	167	7	22	10	31	35	277	30	221	154	119	9	138	136	98	138	20	46	20	52	13	37	86	16	25	349	176	13	151	420	32	77
37	37	61	22	6	37	7	20	53	72	8	11	212	192	69	299	26	196	165	192	13	80	848	123	227	7	151	25	32	202	91	49	429	236	225	261	490	313	105	46	181	138	30	19	72	168	95	46	46	226	15	42	1049	46	38	75	2	3	37	196	53	30	4	1057	4	168	52	35	30	138	7	9	168	72	37	169	39	395	171	436	43	10	71	91	30	10	136	11	20	129	431	279	49	97	171	30	720	10	157	46
32	411	172	118	84	80	46	22	261	508	35	156	69	169	1061	20	20	43	35	73	52	75	382	73	26	7	28	142	21	321	13	179	37	43	35	119	186	787	10	203	22	13	119	105	5	26	5	37	80	15	615	29	560	2	128	84	545	22	171	30	124	9	35	128	13	73	11	32	3	558	209	43	40	15	817	43	38	10	13	184	211	30	79	9	11	225	27	105	11	31	61	44	17	79	32	129	3	26	222	32
140	42	28	3	26	34	84	165	225	26	113	202	153	53	43	344	328	46	48	589	67	8	181	395	74	310	8	86	11	53	210	298	9	22	43	185	13	247	140	63	3	393	37	22	31	373	716	91	209	10	28	3	19	335	108	26	366	13	28	567	18	349	485	22	13	26	316	46	386	261	69	37	98	61	37	637	10	20	26	20	11	31	9	9	217	10	11	422	1	22	270	10	46	285	297	10	165	28	53	113
514	22	26	217	27	240	261	53	13	31	18	261	165	7	9	50	97	9	21	225	30	701	34	11	40	3	52	32	18	247	293	21	10	3	30	48	94	164	3	49	50	567	26	79	228	240	72	206	73	167	229	67	13	20	229	52	72	37	11	44	75	285	19	77	227	227	32	31	4	3	26	209	3	11	20	99	13	35	428	30	171	137	43	383	132	30	86	123	469	10	37	1019	11	73	233	74	13	10	63	20
205	35	11	255	40	432	3	9	48	228	13	716	490	69	157	427	3	73	84	74	27	26	52	650	32	62	37	438	30	37	32	49	19	3	326	146	39	79	270	22	19	10	444	41	21	26	30	28	8	442	35	7	294	24	378	155	113	84	84	42	37	165	5	26	674	50	52	2	389	461	84	173	326	104	433	4	43	31	6	26	809	6	186	44	142	7	52	43	37	32	261	32	834	5	26	3	227	137	809	11
31	3	50	8	164	32	91	27	79	37	411	241	19	30	3	53	168	28	10	9	7	61	28	13	8	164	3	37	16	30	52	129	71	203	140	101	64	13	464	4	20	5	298	50	4	119	52	222	63	429	37	384	46	53	30	540	22	35	105	142	23	22	663	2	54	84	39	326	11	165	72	657	35	10	3	184	349	2	13	358	261	81	40	13	39	7	30	58	38	7	16	245	32	793	36	71	13	3	52	13
165	160	11	30	9	38	31	31	350	22	195	172	50	178	32	28	44	25	281	11	32	49	30	62	20	11	192	13	13	261	164	60	72	4	28	164	1067	32	11	110	393	228	393	53	46	11	32	43	104	21	238	79	31	2	80	30	20	44	10	2	168	111	61	43	37	23	261	164	50	7	11	11	20	46	164	3	47	296	80	202	351	25	242	47	9	18	344	26	270	37	53	44	10	35	32	153	184	93	32	9
219	84	61	79	31	84	395	620	22	58	16	1	5	30	63	20	196	42	15	26	171	38	30	7	13	61	13	38	386	140	26	48	11	57	199	119	22	49	164	26	19	7	136	32	4	3	1	40	53	35	31	210	707	356	52	32	32	140	26	138	303	260	44	35	38	91	410	29	91	84	129	30	528	210	138	191	53	212	548	36	32	261	214	575	457	52	97	3	136	72	28	179	20	25	114	94	171	30	42	40
16	22	35	52	142	196	191	23	13	80	94	91	71	210	121	52	43	265	128	38	35	114	418	53	397	11	53	514	58	80	47	264	79	80	326	164	48	48	84	146	136	168	27	10	63	136	164	37	184	20	32	114	55	294	261	294	30	37	38	48	9	49	7	48	164	279	261	388	13	211	54	164	264	30	79	123	9	380	202	9	91	11	38	155	79	173	717	224	323	30	61	28	20	13	43	5	210	20	43	192
136	54	674	196	157	189	31	763	3	28	73	91	37	61	27	32	38	43	46	168	62	73	44	37	25	11	185	99	26	16	225	73	164	23	7	9	16	72	186	13	138	60	20	26	30	171	30	181	10	147	138	247	410	204	124	73	383	4	13	92	27	41	13	261	13	181	79	13	13	228	398	153	431	152	13	88	91	337	37	21	3	11	25	28	98	976	28	361	84	48	52	410	46	52	37	94	30	342	457	52
185	30	20	52	13	26	28	165	5	61	154	157	84	168	160	73	94	41	32	37	168	7	289	290	91	290	13	154	35	35	79	38	44	23	64	164	86	30	169	30	13	22	255	60	7	181	140	61	132	128	40	192	13	32	73	37	1245	43	27	766	520	32	52	108	788	20	94	138	37	123	105	7	335	261	13	61	13	28	52	205	49	61	53	10	20	43	62	19	4	102	136	79	156	1189	128	11	290	63	32	20
9	72	169	349	9	210	164	9	562	344	37	190	137	71	94	364	330	220	11	176	5	43	67	20	13	64	697	23	44	20	181	65	477	475	72	32	169	677	284	169	13	49	26	92	109	11	13	167	97	434	91	125	91	31	5	20	53	269	10	148	128	181	52	23	26	384	10	236	77	20	226	128	411	26	8	18	80	199	35	20	20	105	9	19	9	46	30	179	283	71	9	583	46	32	199	7	141	88	3	61
155	129	30	13	142	7	23	212	79	9	609	8	306	348	37	1	26	165	13	278	185	82	79	18	97	22	7	236	52	247	7	57	80	46	32	22	142	20	412	37	79	17	30	75	32	168	18	56	9	164	38	9	22	240	32	71	3	19	397	52	411	32	20	80	46	27	83	294	164	123	19	20	164	1109	1	547	250	185	348	322	419	26	35	155	43	32	307	113	296	230	20	812	60	275	336	160	136	247	293	181
20	43	84	2	50	49	141	91	296	30	260	337	329	30	270	22	30	43	26	745	61	393	53	7	21	138	90	1050	128	169	73	39	28	24	348	10	103	30	40	37	28	3	156	32	156	401	32	579	73	142	19	184	30	89	31	79	23	181	20	39	205	157	5	67	9	35	164	259	26	138	362	84	132	11	32	30	8	16	171	37	258	23	26	612	250	4	91	74	28	11	129	11	172	31	2	3	106	5	397	43
165	11	242	35	8	44	9	65	91	27	25	79	362	164	30	37	389	44	16	302	9	115	11	46	80	10	38	91	91	2	191	13	627	91	9	393	93	48	22	332	45	7	263	48	256	13	52	270	358	37	695	161	49	50	238	20	64	46	422	16	75	273	119	25	63	128	13	43	41	13	138	94	52	32	16	200	43	7	72	22	77	250	47	61	23	644	202	38	54	46	114	40	0	397	109	3	7	793	13	64
10	36	97	140	32	80	36	20	257	61	114	58	49	115	35	233	46	247	229	98	4	258	431	157	67	169	74	20	541	114	37	7	138	3	518	37	382	35	28	298	8	69	52	43	164	148	380	114	261	211	9	178	56	30	67	26	223	192	3	61	168	199	11	32	56	1235	146	10	44	140	84	72	154	199	13	470	72	20	53	79	191	64	53	567	168	41	54	4	44	47	21	69	202	13	73	114	281	38	450	75
326	37	164	48	30	124	39	149	35	2	11	53	32	13	160	3	9	54	28	215	26	84	272	28	261	31	173	9	296	11	9	261	47	42	212	35	22	43	38	77	17	165	422	465	79	128	20	171	13	154	32	0	181	164	32	171	40	32	202	143	7	22	27	156	4	181	7	72	84	20	80	50	105	114	205	232	28	140	32	383	60	79	35	73	142	67	30	480	53	32	4	91	21	138	340	205	3	32	3	94
427	54	73	271	77	168	79	79	30	701	38	261	32	16	70	53	184	140	296	106	2	313	168	520	47	10	125	25	154	31	52	169	10	358	10	136	9	168	140	46	313	72	47	58	566	326	26	28	9	7	498	84	72	32	30	427	593	7	73	26	46	18	181	61	157	310	13	3	53	1176	106	32	23	119	42	30	297	26	7	307	73	7	71	11	26	164	228	37	50	44	10	20	149	21	8	31	261	60	91	37
171	30	20	64	38	54	56	61	52	136	113	431	848	9	114	383	13	173	382	4	44	18	241	191	138	69	49	6	184	862	20	9	26	136	2	80	72	22	32	13	15	7	286	71	462	20	121	43	23	7	207	118	52	205	32	165	61	3	340	13	298	71	23	30	7	164	10	165	9	84	184	54	2	13	167	106	53	97	146	169	168	20	37	27	157	48	37	13	30	32	10	9	2	52	232	20	9	3	30	21
20	26	63	164	15	30	337	11	73	4	46	250	7	24	7	72	18	9	328	101	72	30	2	27	655	50	253	148	80	53	11	119	9	80	101	9	41	28	30	146	53	73	7	35	69	52	456	69	170	412	20	323	11	208	269	26	202	94	23	32	7	449	84	32	86	52	43	23	3	20	225	64	164	30	944	378	410	57	9	770	23	56	74	26	48	28	297	26	11	94	115	92	7	548	32	323	321	13	225	58
32	52	763	77	41	375	61	168	56	124	265	15	389	35	5	31	236	32	37	58	235	38	13	53	114	10	26	22	444	63	26	1115	52	210	10	43	31	272	11	181	124	37	66	907	26	32	73	20	53	22	255	53	49	137	70	153	128	13	20	3	32	187	88	118	30	113	37	6	40	240	10	119	164	64	23	196	136	43	13	61	56	30	13	42	13	3	30	3	261	80	32	7	167	104	3	258	43	185	202	191
487	31	53	7	20	170	11	30	105	73	119	53	71	56	31	20	20	438	212	119	9	31	15	10	128	32	395	431	13	63	97	2	2	137	52	91	84	3	26	4	77	31	23	20	102	37	84	114	13	8	37	81	31	270	94	431	168	35	7	9	566	157	134	143	30	40	74	227	93	7	23	128	63	20	320	9	35	3	123	181	156	13	30	70	53	13	170	13	420	46	30	39	39	199	411	18	71	199	169	35
73	54	52	47	32	43	13	91	176	73	11	2	32	18	19	26	382	202	97	37	168	58	2	444	10	21	9	156	13	103	8	3	21	47	26	541	30	261	164	205	37	10	10	19	30	30	463	121	3	74	61	28	49	168	84	46	451	404	61	18	32	30	171	10	22	6	164	294	43	54	38	241	27	91	49	10	46	26	271	17	26	44	209	182	374	260	132	202	22	103	30	47	9	39	573	26	142	38	84	13
255	323	160	52	43	11	69	38	165	43	86	184	10	202	165	21	32	202	164	14	30	351	148	7	28	199	138	31	11	79	11	15	99	9	202	136	645	520	168	129	261	25	32	117	101	49	38	23	26	32	61	21	91	7	126	148	57	119	91	31	209	173	129	37	431	9	17	307	10	40	123	7	80	55	246	37	54	58	18	30	32	40	35	317	102	23	37	168	11	9	70	73	30	27	296	61	137	382	13	11
91	20	71	395	11	31	30	53	30	17	602	197	84	54	38	23	7	26	182	23	310	184	114	717	43	382	43	52	299	61	302	58	26	242	73	46	12	275	46	49	13	37	9	26	148	103	717	408	146	79	138	13	71	46	23	61	74	164	247	30	30	123	667	80	12	20	79	436	46	121	32	142	551	429	11	119	84	313	10	7	111	63	34	209	32	13	184	11	1013	119	89	4	52	164	399	32	11	48	10	132
26	54	11	50	94	205	25	13	581	395	348	232	499	248	11	67	20	19	43	79	90	11	31	73	84	52	102	94	790	26	136	411	42	3	84	107	63	38	5	7	31	20	10	393	37	84	9	43	13	84	350	77	38	31	3	164	11	84	248	265	110	151	9	26	123	136	61	121	11	169	258	8	105	94	181	141	37	62	9	445	32	261	52	73	272	35	46	326	28	320	69	67	269	37	414	245	32	91	143	13
349	627	28	48	86	35	47	37	383	38	348	71	20	10	83	164	10	79	23	138	73	30	40	43	43	10	54	79	63	217	84	30	22	52	11	282	26	11	168	128	26	3	253	30	138	32	448	11	344	30	26	446	61	524	71	164	43	39	280	344	26	7	23	260	7	124	28	270	363	37	43	46	19	32	35	1	105	37	20	32	567	696	13	18	13	32	32	209	20	184	3	31	13	13	136	28	305	22	1335	11
225	27	202	419	26	35	134	7	35	470	20	123	105	73	183	53	25	19	119	53	44	191	119	230	26	202	102	52	22	247	9	509	343	25	20	74	140	4	395	110	97	91	52	26	52	246	53	35	156	9	398	26	23	281	27	406	119	61	9	53	80	398	261	49	24	97	10	13	7	518	382	208	63	390	124	28	37	37	37	7	37	13	522	605	94	22	302	53	3	72	315	40	89	156	46	32	73	30	164	22
43	10	294	157	349	46	32	71	323	105	26	362	13	23	91	39	41	326	39	330	30	20	296	398	40	46	26	31	43	30	142	23	133	25	11	63	26	146	72	326	172	157	71	113	32	30	91	7	22	20	13	26	21	179	71	7	38	463	1289	3	123	18	22	449	3	153	153	32	39	151	46	23	328	345	164	80	169	3	2	225	138	31	91	34	61	10	360	48	30	41	154	38	121	79	366	37	340	838	32	38
38	157	140	50	30	339	128	362	261	3	71	11	13	46	11	53	184	79	9	53	29	13	30	75	30	37	52	279	10	524	32	140	46	16	32	91	35	32	5	168	136	37	35	26	21	138	38	9	67	47	10	172	501	84	50	20	283	448	616	34	374	322	267	5	7	42	13	13	73	1073	0	104	9	30	13	30	11	164	514	22	46	230	3	138	1109	200	9	153	485	24	37	73	13	164	73	22	53	140	7	136
26	71	181	167	167	15	261	9	20	15	586	69	286	32	142	46	261	25	9	547	317	51	40	171	23	20	53	11	11	23	16	63	39	11	73	64	43	13	398	720	128	142	91	175	37	88	20	529	13	98	35	396	49	32	21	67	419	32	14	79	67	380	903	128	72	164	91	13	53	151	227	146	9	13	30	54	173	261	7	43	73	749	520	30	32	13	8	173	191	551	7	202	20	26	23	13	104	279	44	410
138	322	16	196	52	20	78	86	13	53	245	91	20	18	7	13	91	23	27	335	202	80	72	47	94	37	1	11	18	25	104	77	298	465	676	124	970	23	4	105	15	349	7	11	114	35	97	73	52	10	237	136	81	7	160	68	16	21	44	13	136	2	48	298	261	18	37	410	240	1	19	164	6	223	113	22	186	389	641	266	431	74	97	181	164	246	138	72	46	114	43	20	155	20	132	362	144	20	46	164
38	84	7	71	136	285	7	52	47	8	1	129	17	23	18	310	48	67	30	226	43	37	37	136	184	269	1	285	9	1024	28	231	168	146	281	672	219	17	165	97	298	164	13	319	245	20	49	37	35	92	49	315	32	20	30	43	114	92	77	35	64	79	200	13	48	168	164	27	168	79	324	202	259	54	17	42	30	35	61	30	91	24	43	3	366	22	32	69	26	185	337	18	140	11	356	64	393	44	28	52
9	49	37	26	53	335	141	9	10	277	156	260	19	627	153	191	27	27	451	114	18	13	25	657	65	13	843	73	189	4	232	383	349	71	20	31	773	20	28	10	181	184	44	20	261	355	313	28	32	134	30	167	53	129	349	320	37	307	20	10	258	499	13	30	105	63	30	1323	53	26	43	43	235	46	32	30	32	32	61	4	11	635	51	313	58	140	194	16	34	4	20	230	167	147	221	122	77	162	233	4
20	91	60	164	54	3	165	230	113	37	38	576	282	253	395	46	124	55	48	13	56	19	18	381	71	13	133	631	30	202	203	11	13	23	164	156	453	32	43	7	73	40	43	56	23	164	212	31	257	91	140	26	31	136	7	151	30	32	13	46	5	79	46	53	119	88	35	39	79	37	13	9	30	57	91	233	13	13	88	23	136	182	37	693	160	663	61	124	418	26	9	46	129	129	10	92	28	177	1118	221
13	19	80	13	105	16	138	452	160	94	281	52	44	84	157	13	544	209	57	692	79	30	419	32	47	431	13	210	115	38	397	53	13	39	9	261	10	84	7	1	446	46	91	20	168	73	31	73	9	98	269	4	136	61	109	27	42	54	105	77	3	293	3	137	4	19	53	2	39	26	37	261	15	422	166	30	47	98	52	195	38	79	7	37	562	24	11	73	5	86	7	30	73	649	37	9	30	24	52	23
140	230	3	39	210	91	431	154	164	307	22	10	184	24	452	73	200	11	38	58	382	26	164	22	324	86	40	26	184	151	19	20	404	246	128	190	32	9	9	333	623	445	91	149	315	11	164	91	27	60	140	412	8	7	182	210	340	164	32	134	141	167	165	24	22	52	23	181	73	59	276	35	20	7	105	40	79	37	848	24	31	196	80	27	138	46	80	11	9	13	26	13	54	38	129	261	20	261	30	129
335	19	27	30	94	206	79	27	15	38	233	3	105	11	32	164	52	103	20	30	123	126	40	210	6	9	119	25	382	18	26	61	481	52	13	30	207	250	3	8	115	411	79	13	485	2	26	250	317	22	21	200	418	10	19	72	30	250	171	13	245	37	77	105	67	91	80	280	109	212	91	3	105	121	11	15	54	204	53	289	16	56	260	47	9	149	20	19	419	78	50	13	171	7	140	7	10	328	20	168
32	26	22	262	21	53	28	20	52	301	7	69	6	13	133	389	119	58	750	164	650	29	716	138	3	7	32	335	224	1	9	9	7	28	295	79	119	204	129	30	54	30	350	32	94	9	422	461	20	7	37	61	38	508	10	136	54	25	22	20	172	30	43	80	200	13	3	11	337	50	67	294	1	184	35	30	41	138	26	61	408	240	52	77	71	453	206	10	7	79	34	37	342	39	327	164	225	23	79	5
80	173	211	7	154	32	43	609	45	10	15	32	43	48	42	53	19	73	60	250	72	944	8	222	200	326	26	28	30	9	140	481	52	227	35	2	10	64	305	164	20	9	1	261	7	132	11	35	43	57	26	104	73	32	140	26	164	191	15	44	240	164	569	3	156	383	56	160	167	63	26	63	30	48	3	35	28	30	294	36	39	850	21	127	199	34	330	153	181	32	124	10	84	317	61	136	84	37	348	35
97	7	42	651	69	37	22	72	302	10	199	10	378	534	22	23	72	204	20	26	82	37	43	30	200	88	233	69	19	168	157	660	105	43	681	422	79	73	35	35	7	24	30	30	7	53	160	156	186	84	23	26	261	148	97	14	62	72	23	56	337	74	26	52	337	501	13	13	56	91	13	253	235	32	20	812	240	31	101	7	382	395	49	10	6	103	37	3	145	701	363	202	105	811	84	297	13	438	54	80
